     0.064     0.129     0.089     0.050     0.045     0.134
     0.193     0.129     0.659     0.150     0.329     0.988
     0.321     0.129     1.239     0.250     0.620     1.859
     0.450     0.129     1.803     0.350     0.901     2.704
     0.579     0.129     2.353     0.450     1.177     3.530
     0.708     0.129     2.889     0.550     1.444     4.333
     0.836     0.129     3.404     0.650     1.702     5.106
     0.965     0.129     3.892     0.750     1.946     5.837
     1.094     0.129     4.329     0.854     2.165     6.494
     1.223     0.129     4.705     0.962     2.352     7.057
     1.416     0.257     5.217     1.128     2.608     7.825
     1.674     0.257     5.833     1.354     2.916     8.749
     1.931     0.257     6.389     1.588     3.194     9.583
     2.189     0.257     6.886     1.828     3.443    10.330
     2.446     0.257     7.326     2.075     3.663    10.989
     2.832     0.515     7.878     2.398     3.939    11.816
     3.347     0.515     8.424     2.782     4.212    12.635
     3.862     0.515     8.785     3.150     4.392    13.177
     4.378     0.515     9.002     3.502     4.501    13.503
     4.892     0.515     9.117     3.838     4.559    13.676
     5.665     1.030     9.173     4.400     4.587    13.760
     6.695     1.030     9.248     5.200     4.624    13.873
     7.725     1.030     9.323     6.000     4.662    13.985
     8.755     1.030     9.398     6.800     4.699    14.097
     9.785     1.030     9.473     7.600     4.737    14.210
    11.330     2.060     9.586     8.800     4.793    14.378
    13.390     2.060     9.735    10.400     4.868    14.603
    15.450     2.060     9.885    12.000     4.943    14.828
    17.510     2.060    10.035    13.600     5.018    15.053
    19.570     2.060    10.185    15.200     5.093    15.278
    22.145     3.090    10.372    17.600     5.186    15.559
    25.235     3.090    10.597    20.800     5.299    15.896
